
1004077
1004093
1004095
1004207
1005117
1005180
10296073
13006590
13375100
13377148
13377262
13377352
13377368
13377370
13377404
13377480
13391484
13391598
13393532
13393646
13508350
13521532
13521646
13521660
13522540
13522542
13522556
13522558
13522668
13522670
13522684
13522686
13524604
13530862
13530878
13596284
13909978
14055166
14424904
14425928
14425930
14425944
14425946
14426056
14426058
14426074
14434248
14434266
14440172
14490440
14499802
14570092
14570108
14570222
14570236
14571096
14571116
14571118
14571132
14571134
14571244
14571246
14571260
14571262
14571352
14573180
14573400
14573436
14579436
14579438
14579452
14579454
1463932
14644860
14644990
16999051
16999087
17001391
1988157
1988271
21911128
21911164
23627057
23645205
23758113
23758129
23758131
23758241
23759893
23760177
23774229
23774261
23774513
23776277
23776389
24008316
24675633
24675745
24677681
24691733
24692017
24692129
24693781
24693893
24693895
24805811
24806689
24806705
24806707
24806817
24806835
24813875
24815009
24815027
24823089
24824853
24824965
24825137
32032917
32033799
32033813
32033815
32033927
32033941
32164885
33082389
33082501
415348
415356
4608636
4609647
4609660
4609661
4609775
4609788
4609789
4617852
4617964
4617966
4617980
4617982
4675132
4675196
4675308
4682364
4682478
4683516
484015
4867708
4871740
4871804
488111
488166
488174
4986492
4986494
4986604
4988540
4988542
4988744
4988760
4988762
4988796
5002876
5002988
5003096
5004924
5005036
5117564
5117784
5119612
5119724
5119832
5119836
5119868
5119944
5129268
5129340
5129780
5129788
5129852
5132908
5132910
5132924
5132926
5133036
5133038
5133052
5133054
5133365
5133372
5133428
5133436
5133437
5133868
5133876
5133877
5133884
5133885
5133912
5133916
5133932
5133934
5133940
5133941
5133944
5133948
5133949
5133950
5133996
5133998
5134024
5134060
5134062
5134076
5134078
5134168
5134172
5134204
5135964
5135996
5136216
5136252
5136364
5141116
5141118
5141228
5141230
5141244
5142124
5142126
5142140
5142252
5142254
5142268
5142270
5162548
5162620
5166204
5198444
5198460
5198574
5198588
5199421
5199484
5199612
5199614
5206766
5206780
5207676
5207788
5207804
5207806
5666558
5723772
5730940
6037116
6037228
6037320
6037336
6037372
6037448
6037484
6051452
6051564
6051566
6051672
6051784
6053500
6053612
6166140
6166252
6166360
6166472
6166490
6168188
6168300
6168408
6168520
6181484
6181500
6181612
6181614
6181628
6181630
6182452
6182460
6182461
6182488
6182508
6182510
6182524
6182526
6182572
6182574
6182600
6182636
6182638
6182652
6182654
6182728
6182744
6182748
6182780
6182856
6182858
6182874
6184540
6184556
6184572
6184574
6184684
6184686
6184702
6184792
6184828
6184904
6189692
6189694
6189804
6190700
6190718
6190830
6190844
6190846
6247020
6247036
6248188
6248190
6256252
6256382
6968629
6968701
6968920
6968956
6969212
6997628
7230588
7231100
935485
938541
938543
938557
939565
939572
939580
939581
939583
939637
939644
939645
939693
939695
939709
939759
946863
